camera_matrix:
- - 452.72566690555357
  - 0.0
  - 577.5716132478976
- - 0.0
  - 452.04416961713616
  - 331.19743874644934
- - 0.0
  - 0.0
  - 1.0
date: '2025-07-08T11:12:24'
dist_coeff:
- -0.0922036734644834
- 0.10513181463652156
- 0.0026942576560237603
- -0.0019395048219893428
- -0.048014730929234015
image_size:
- 1152
- 648
pattern:
  cols: 9
  rows: 6
  square_size: 25.0
reprojection_error: 0.15323492507699993
