camera_matrix:
- - 2416.133739845564
  - 0.0
  - 977.1281545090081
- - 0.0
  - 2414.324090631696
  - 506.80097858480184
- - 0.0
  - 0.0
  - 1.0
date: '2025-07-01T13:52:18'
dist_coeff:
- -0.5384996688122585
- 0.6186930086351303
- 0.00032538371702396044
- -0.0011696177149272658
- -1.7714535420121136
image_size:
- 1920
- 1080
pattern:
  cols: 9
  rows: 6
  square_size: 25.0
reprojection_error: 0.045202205263053206
